$ 64 0.001 382.76258214399064 50 5 50 5e-11
w -112 128 -112 112 0
w -112 144 -112 128 0
w -128 160 -128 112 0
w -128 176 -128 160 0
w -144 208 -144 112 0
w -160 224 -160 112 0
w -160 240 -160 224 0
w -176 272 -176 112 0
w -192 304 -192 112 0
w -208 336 -208 112 0
w -112 160 -112 144 0
w -112 192 -112 160 0
w -96 128 -96 112 0
w -128 192 -128 176 0
w -144 224 -144 208 0
w -160 256 -160 240 0
w -192 320 -192 304 0
w -208 352 -208 336 0
w -176 288 -176 272 0
w 336 -80 336 -64 0
w 336 -112 336 -96 0
w -176 -128 -176 -144 0
w 336 -144 336 -128 0
w 336 -176 336 -160 0
w 336 -240 336 -224 0
w 336 -272 336 -256 0
w 336 -304 336 -288 0
w -208 -64 -208 -80 0
w -192 -96 -192 -112 0
w -160 -160 -160 -176 0
w -144 -192 -144 -208 0
w -128 -224 -128 -240 0
w -96 -288 -96 -304 0
w -112 -224 -112 -256 0
w -112 -256 -112 -272 0
w 336 -208 336 -192 0
w -208 -80 -208 -320 0
w -192 -112 -192 -320 0
w -176 -144 -176 -320 0
w -160 -176 -160 -192 0
w -160 -192 -160 -320 0
w -144 -208 -144 -320 0
w -128 -240 -128 -256 0
w -128 -256 -128 -320 0
w -112 -272 -112 -288 0
w -112 -288 -112 -320 0
w -144 -32 -144 -192 0
w -128 -32 -128 -224 0
w -96 -32 -96 -288 0
w -112 -32 -112 -224 0
w -176 -32 -176 -128 0
w -160 -32 -160 -160 0
w -192 -32 -192 -96 0
w -208 -32 -208 -64 0
w -96 112 -96 -32 0
w -112 -32 -112 112 0
w -128 112 -128 -32 0
w -144 112 -144 -32 0
w -160 112 -160 -32 0
w -176 112 -176 -32 0
w -192 112 -192 -32 0
w -208 112 -208 -32 0
w -112 192 -112 352 0
w -192 352 -192 320 0
w -176 352 -176 288 0
w -160 352 -160 256 0
w -144 352 -144 224 0
w -128 352 -128 192 0
w -96 352 -96 128 0
196 896 -240 1008 -240 2050 8
w 704 -64 768 -64 0
w 768 -64 768 16 0
w 768 16 896 16 0
w 704 -96 784 -96 0
w 784 -96 784 -16 0
w 784 -16 896 -16 0
w 704 -128 800 -128 0
w 800 -128 800 -48 0
w 800 -48 896 -48 0
w 704 -160 816 -160 0
w 816 -160 816 -80 0
w 816 -80 896 -80 0
w 704 -192 832 -192 0
w 832 -192 832 -112 0
w 832 -112 896 -112 0
w 704 -224 848 -224 0
w 848 -224 848 -144 0
w 848 -144 896 -144 0
w 704 -256 864 -256 0
w 864 -256 864 -176 0
w 864 -176 896 -176 0
w 704 -288 880 -288 0
w 880 -288 880 -208 0
w 880 -208 896 -208 0
w 704 272 880 272 0
w 880 272 896 272 0
w 704 240 864 240 0
w 864 240 896 240 0
w 704 208 848 208 0
w 848 208 896 208 0
w 704 176 832 176 0
w 832 176 896 176 0
w 704 144 816 144 0
w 816 144 896 144 0
w 704 112 800 112 0
w 800 112 896 112 0
w 704 80 784 80 0
w 784 80 896 80 0
w 704 48 768 48 0
w 768 48 896 48 0
w 1312 288 1360 288 0
w 1264 288 1312 288 0
w 1216 288 1264 288 0
w 1168 288 1216 288 0
w 1120 288 1168 288 0
w 1072 288 1120 288 0
w 1072 320 1072 288 0
w 1120 320 1120 288 0
w 1168 320 1168 288 0
w 1216 320 1216 288 0
w 1264 320 1264 288 0
w 1312 320 1312 288 0
w 1408 288 1360 288 0
w 1408 320 1408 288 0
w 1360 320 1360 288 0
w 1056 448 1056 336 0
w 1408 448 1056 448 0
w 1104 432 1104 336 0
w 1424 432 1104 432 0
w 1152 416 1152 336 0
w 1440 416 1152 416 0
w 1200 400 1200 336 0
w 1456 400 1200 400 0
w 1248 384 1248 336 0
w 1472 384 1248 384 0
w 1408 464 1408 448 0
w 1424 464 1424 432 0
w 1440 464 1440 416 0
w 1456 464 1456 400 0
w 1472 464 1472 384 0
w 1488 368 1488 464 0
w 1296 368 1488 368 0
w 1296 336 1296 368 0
w 1504 352 1504 464 0
w 1344 352 1504 352 0
w 1344 336 1344 352 0
w 1520 336 1520 464 0
w 1392 336 1520 336 0
180 1248 304 1248 336 1 0.1 10000000000 100000000
180 1296 304 1296 336 1 0.1 10000000000 100000000
180 1392 304 1392 336 1 0.1 10000000000 100000000
180 1344 304 1344 336 1 0.1 10000000000 100000000
180 1152 304 1152 336 1 0.1 10000000000 100000000
180 1200 304 1200 336 1 0.1 10000000000 100000000
180 1104 304 1104 336 1 0.1 10000000000 100000000
180 1056 304 1056 336 1 0.1 10000000000 100000000
w 992 208 1056 208 0
w 1056 208 1056 304 0
w 992 176 1104 176 0
w 1104 176 1104 304 0
w 992 144 1152 144 0
w 1152 144 1152 304 0
w 992 112 1200 112 0
w 1200 112 1200 304 0
w 992 80 1248 80 0
w 1248 80 1248 304 0
w 992 48 1296 48 0
w 1296 48 1296 304 0
w 992 16 1344 16 0
w 1344 16 1344 304 0
w 992 -16 1392 -16 0
w 1392 -16 1392 304 0
207 1456 464 1456 512 4 B5
207 1440 464 1440 512 4 B6
207 1408 464 1408 512 4 B8
207 1424 464 1424 512 4 B7
207 1488 464 1488 512 4 B3
207 1472 464 1472 512 4 B4
207 1504 464 1504 512 4 B2
207 1520 464 1520 512 4 B1
207 896 -240 896 -320 4 SUB
. Octo\sTri-State\sBuffer 0 2 9 17 Enable 3 8 2 I1 11 0 2 I2 8 1 2 I3 1 2 2 I4 5 3 2 I5 14 4 2 I6 17 5 2 I7 23 6 2 I8 20 7 2 O1 12 0 3 O2 9 1 3 O3 2 2 3 O4 6 3 3 O5 15 4 3 O6 18 5 3 O7 24 6 3 O8 21 7 3 TriStateElm\s1\s2\s3\rTriStateElm\s5\s6\s3\rTriStateElm\s8\s9\s3\rTriStateElm\s11\s12\s3\rTriStateElm\s14\s15\s3\rTriStateElm\s17\s18\s3\rTriStateElm\s20\s21\s3\rTriStateElm\s23\s24\s3 0\\s0.1\\s10000000000\\s100000000\s0\\s0.1\\s10000000000\\s100000000\s0\\s0.1\\s10000000000\\s100000000\s0\\s0.1\\s10000000000\\s100000000\s0\\s0.1\\s10000000000\\s100000000\s0\\s0.1\\s10000000000\\s100000000\s0\\s0.1\\s10000000000\\s100000000\s0\\s0.1\\s10000000000\\s100000000
410 32 -288 -96 -480 1025 Octo\sTri-State\sBuffer 0\s0.1\s10000000000\s100000000 0\s0.1\s10000000000\s100000000 0\s0.1\s10000000000\s100000000 0\s0.1\s10000000000\s100000000 0\s0.1\s10000000000\s100000000 0\s0.1\s10000000000\s100000000 0\s0.1\s10000000000\s100000000 0\s0.1\s10000000000\s100000000
w 336 -288 128 -288 0
w 336 -256 128 -256 0
w 336 -224 128 -224 0
w 336 -192 128 -192 0
w 336 -160 128 -160 0
w 336 -128 128 -128 0
w 336 -96 128 -96 0
w 336 -64 128 -64 0
w 32 -288 -96 -288 0
w 32 -256 -112 -256 0
w 32 -224 -128 -224 0
w 32 -192 -144 -192 0
w 32 -160 -160 -160 0
w 32 -128 -176 -128 0
w 32 -96 -192 -96 0
w 32 -64 -208 -64 0
w 240 -304 -96 -304 0
w 240 -272 -112 -272 0
w 240 -240 -128 -240 0
w 240 -208 -144 -208 0
w 240 -176 -160 -176 0
w 240 -144 -176 -144 0
w 240 -112 -192 -112 0
w 240 -80 -208 -80 0
w 240 336 -208 336 0
w 240 304 -192 304 0
w 240 272 -176 272 0
w 240 240 -160 240 0
w 240 208 -144 208 0
w 240 176 -128 176 0
w 240 144 -112 144 0
w 240 112 -96 112 0
w 32 352 -208 352 0
w 32 320 -192 320 0
w 32 288 -176 288 0
w 32 256 -160 256 0
w 32 224 -144 224 0
w 32 192 -128 192 0
w 32 160 -112 160 0
w 32 128 -96 128 0
w 336 352 128 352 0
w 336 320 128 320 0
w 336 288 128 288 0
w 336 256 128 256 0
w 336 224 128 224 0
w 336 192 128 192 0
w 336 160 128 160 0
w 336 128 128 128 0
410 32 128 -96 -64 1025 Octo\sTri-State\sBuffer 0\s0.1\s10000000000\s100000000 0\s0.1\s10000000000\s100000000 0\s0.1\s10000000000\s100000000 0\s0.1\s10000000000\s100000000 0\s0.1\s10000000000\s100000000 0\s0.1\s10000000000\s100000000 0\s0.1\s10000000000\s100000000 0\s0.1\s10000000000\s100000000
w 336 208 336 224 0
w 336 112 336 128 0
w 336 144 336 160 0
w 336 176 336 192 0
w 336 240 336 256 0
w 336 272 336 288 0
w 336 304 336 320 0
w 336 336 336 352 0
w 704 -288 544 -288 0
w 352 -288 336 -288 0
w 704 -256 512 -256 0
w 704 -192 448 -192 0
w 704 -224 480 -224 0
w 704 -96 336 -96 0
w 704 -64 336 -64 0
w 704 -128 336 -128 0
w 352 -160 336 -160 0
w 704 -160 352 -160 0
154 544 64 592 64 0 2 0 5
154 544 0 592 0 0 2 5 5
154 544 128 592 128 0 2 0 5
154 544 192 592 192 0 2 0 5
154 544 448 592 448 0 2 0 5
154 544 384 592 384 0 2 0 5
154 544 256 592 256 0 2 0 5
154 544 320 592 320 0 2 0 5
w 336 240 480 240 0
w 480 240 544 240 0
w 336 272 464 272 0
w 464 272 464 304 0
w 464 304 544 304 0
w 336 304 448 304 0
w 448 304 448 368 0
w 448 368 544 368 0
w 544 432 432 432 0
w 432 432 432 336 0
w 432 336 336 336 0
207 512 464 512 512 4 SUB
w 512 464 544 464 0
w 512 464 512 400 0
w 512 400 544 400 0
w 512 400 512 336 0
w 512 336 544 336 0
w 512 336 512 272 0
w 512 272 544 272 0
w 512 272 512 208 0
w 512 208 544 208 0
w 512 208 512 144 0
w 512 144 544 144 0
w 512 144 512 80 0
w 512 80 544 80 0
w 512 80 512 16 0
w 512 16 544 16 0
w 688 448 688 272 0
w 688 272 704 272 0
w 592 448 688 448 0
w 592 384 672 384 0
w 672 384 672 240 0
w 672 240 704 240 0
w 592 320 656 320 0
w 656 320 656 208 0
w 656 208 704 208 0
w 592 256 640 256 0
w 640 256 640 176 0
w 640 176 704 176 0
w 592 192 624 192 0
w 624 192 624 144 0
w 624 144 704 144 0
w 592 128 704 128 0
w 704 128 704 112 0
w 592 64 704 64 0
w 704 64 704 80 0
w 592 0 704 0 0
w 704 0 704 48 0
207 336 80 384 80 4 BIN
207 128 384 128 432 4 BOUT
207 128 -32 128 16 4 AOUT
207 336 -336 384 -336 4 AIN
207 96 -720 64 -720 4 AIN
207 96 -688 64 -688 4 AOUT
207 176 -688 144 -688 4 BOUT
207 176 -720 144 -720 4 BIN
207 272 -688 240 -688 4 ALUOUT
207 272 -720 240 -720 4 SUB
207 1408 288 1456 288 4 ALUOUT
x 335 -818 538 -815 4 30 Control\sSignals
x 243 -376 355 -373 4 24 Register\sA
x 237 46 349 49 4 24 Register\sB
x 1121 -147 1179 -144 4 30 ALU
410 -432 560 -560 368 1 Octo\sTri-State\sBuffer 0\s0.1\s10000000000\s100000000 0\s0.1\s10000000000\s100000000 0\s0.1\s10000000000\s100000000 0\s0.1\s10000000000\s100000000 0\s0.1\s10000000000\s100000000 0\s0.1\s10000000000\s100000000 0\s0.1\s10000000000\s100000000 0\s0.1\s10000000000\s100000000
w -336 560 -96 560 0
w -336 592 -112 592 0
w -336 624 -128 624 0
w -336 656 -144 656 0
207 -656 512 -704 512 4 INSTIN
207 -432 816 -432 864 4 INSTOUT
w -656 544 -656 560 0
w -656 560 -432 560 0
w -656 576 -656 592 0
w -656 592 -432 592 0
w -656 608 -656 624 0
w -656 624 -432 624 0
w -656 640 -656 656 0
w -656 656 -432 656 0
w -560 544 -96 544 0
w -560 576 -112 576 0
w -560 608 -128 608 0
w -560 640 -144 640 0
w -560 672 -160 672 0
w -560 704 -176 704 0
w -560 736 -192 736 0
w -560 768 -208 768 0
207 -560 512 -512 512 4 CLK
207 240 80 176 80 4 CLK
207 240 -336 176 -336 4 CLK
207 -576 -784 -512 -784 4 CLK
R -912 -672 -944 -672 1 2 25 2.5 2.5 3.159045946109736 0.5
207 368 -720 336 -720 4 INSTIN
207 368 -688 336 -688 4 INSTOUT
x -698 482 -492 485 4 24 Instruction\sRegister
. Enabled\sD-Flip 0 2 2 4 CLK 4 0 2 D 8 1 2 EN 7 0 3 Q 2 1 3 DFlipFlopElm\s1\s2\s3\s4\rAndGateElm\s2\s6\s5\rInverterElm\s7\s6\rOrGateElm\s5\s9\s1\rAndGateElm\s7\s8\s9 0\\s5\s0\\s2\\s5\\s5\s0\\s0.5\\s5\s0\\s2\\s5\\s5\s0\\s2\\s0\\s5
. 8-bit\sregister 0 2 9 18 CLK 1 0 2 I1 2 1 2 I2 10 2 2 I3 24 3 2 I4 17 4 2 I5 38 5 2 I6 37 6 2 I7 36 7 2 I8 35 8 2 Load 3 0 3 O1 4 1 3 O2 11 2 3 O3 25 3 3 O4 18 4 3 O5 31 5 3 O6 32 6 3 O7 33 7 3 O8 34 8 3 CustomCompositeElm\s1\s2\s3\s4\rCustomCompositeElm\s1\s10\s3\s11\rCustomCompositeElm\s1\s17\s3\s18\rCustomCompositeElm\s1\s24\s3\s25\rCustomCompositeElm\s1\s36\s3\s33\rCustomCompositeElm\s1\s35\s3\s34\rCustomCompositeElm\s1\s37\s3\s32\rCustomCompositeElm\s1\s38\s3\s31 1\\sEnabled\\\\sD-Flip\\s0\\\\s0\\s0\\\\s2\\\\s0\\\\s5\\s0\\\\s0.5\\\\s5\\s0\\\\s2\\\\s0\\\\s5\\s0\\\\s2\\\\s0\\\\s5\s1\\sEnabled\\\\sD-Flip\\s0\\\\s0\\s0\\\\s2\\\\s0\\\\s5\\s0\\\\s0.5\\\\s5\\s0\\\\s2\\\\s0\\\\s5\\s0\\\\s2\\\\s0\\\\s5\s1\\sEnabled\\\\sD-Flip\\s0\\\\s0\\s0\\\\s2\\\\s0\\\\s5\\s0\\\\s0.5\\\\s5\\s0\\\\s2\\\\s0\\\\s5\\s0\\\\s2\\\\s0\\\\s5\s1\\sEnabled\\\\sD-Flip\\s0\\\\s0\\s0\\\\s2\\\\s0\\\\s5\\s0\\\\s0.5\\\\s5\\s0\\\\s2\\\\s0\\\\s5\\s0\\\\s2\\\\s0\\\\s5\s1\\sEnabled\\\\sD-Flip\\s0\\\\s0\\s0\\\\s2\\\\s0\\\\s5\\s0\\\\s0.5\\\\s5\\s0\\\\s2\\\\s0\\\\s5\\s0\\\\s2\\\\s0\\\\s5\s1\\sEnabled\\\\sD-Flip\\s0\\\\s0\\s0\\\\s2\\\\s0\\\\s5\\s0\\\\s0.5\\\\s5\\s0\\\\s2\\\\s0\\\\s5\\s0\\\\s2\\\\s0\\\\s5\s1\\sEnabled\\\\sD-Flip\\s0\\\\s0\\s0\\\\s2\\\\s0\\\\s5\\s0\\\\s0.5\\\\s5\\s0\\\\s2\\\\s0\\\\s5\\s0\\\\s2\\\\s0\\\\s5\s1\\sEnabled\\\\sD-Flip\\s0\\\\s0\\s0\\\\s2\\\\s0\\\\s5\\s0\\\\s0.5\\\\s5\\s0\\\\s2\\\\s0\\\\s5\\s0\\\\s2\\\\s0\\\\s5
410 240 -336 432 -208 1 8-bit\sregister 1\sEnabled\\sD-Flip\s0\\s0\s0\\s2\\s0\\s5\s0\\s0.5\\s5\s0\\s2\\s0\\s5\s0\\s2\\s0\\s5 1\sEnabled\\sD-Flip\s0\\s0\s0\\s2\\s0\\s5\s0\\s0.5\\s5\s0\\s2\\s0\\s5\s0\\s2\\s0\\s5 1\sEnabled\\sD-Flip\s0\\s0\s0\\s2\\s0\\s5\s0\\s0.5\\s5\s0\\s2\\s0\\s5\s0\\s2\\s0\\s5 1\sEnabled\\sD-Flip\s0\\s0\s0\\s2\\s0\\s5\s0\\s0.5\\s5\s0\\s2\\s0\\s5\s0\\s2\\s0\\s5 1\sEnabled\\sD-Flip\s0\\s0\s0\\s2\\s0\\s5\s0\\s0.5\\s5\s0\\s2\\s0\\s5\s0\\s2\\s0\\s5 1\sEnabled\\sD-Flip\s0\\s0\s0\\s2\\s0\\s5\s0\\s0.5\\s5\s0\\s2\\s0\\s5\s0\\s2\\s0\\s5 1\sEnabled\\sD-Flip\s0\\s0\s0\\s2\\s0\\s5\s0\\s0.5\\s5\s0\\s2\\s0\\s5\s0\\s2\\s0\\s5 1\sEnabled\\sD-Flip\s0\\s0\s0\\s2\\s0\\s5\s0\\s0.5\\s5\s0\\s2\\s0\\s5\s0\\s2\\s0\\s5
410 240 80 432 208 1 8-bit\sregister 1\sEnabled\\sD-Flip\s0\\s5\s0\\s2\\s5\\s5\s0\\s0.5\\s5\s0\\s2\\s5\\s5\s0\\s2\\s0\\s5 1\sEnabled\\sD-Flip\s0\\s0\s0\\s2\\s0\\s5\s0\\s0.5\\s5\s0\\s2\\s0\\s5\s0\\s2\\s0\\s5 1\sEnabled\\sD-Flip\s0\\s0\s0\\s2\\s0\\s5\s0\\s0.5\\s5\s0\\s2\\s0\\s5\s0\\s2\\s0\\s5 1\sEnabled\\sD-Flip\s0\\s0\s0\\s2\\s0\\s5\s0\\s0.5\\s5\s0\\s2\\s0\\s5\s0\\s2\\s0\\s5 1\sEnabled\\sD-Flip\s0\\s0\s0\\s2\\s0\\s5\s0\\s0.5\\s5\s0\\s2\\s0\\s5\s0\\s2\\s0\\s5 1\sEnabled\\sD-Flip\s0\\s0\s0\\s2\\s0\\s5\s0\\s0.5\\s5\s0\\s2\\s0\\s5\s0\\s2\\s0\\s5 1\sEnabled\\sD-Flip\s0\\s0\s0\\s2\\s0\\s5\s0\\s0.5\\s5\s0\\s2\\s0\\s5\s0\\s2\\s0\\s5 1\sEnabled\\sD-Flip\s0\\s0\s0\\s2\\s0\\s5\s0\\s0.5\\s5\s0\\s2\\s0\\s5\s0\\s2\\s0\\s5
410 -656 512 -464 640 1025 8-bit\sregister 1\sEnabled\\sD-Flip\s0\\s5\s0\\s2\\s5\\s5\s0\\s0.5\\s5\s0\\s2\\s5\\s5\s0\\s2\\s0\\s5 1\sEnabled\\sD-Flip\s0\\s0\s0\\s2\\s0\\s5\s0\\s0.5\\s5\s0\\s2\\s0\\s5\s0\\s2\\s0\\s5 1\sEnabled\\sD-Flip\s0\\s0\s0\\s2\\s0\\s5\s0\\s0.5\\s5\s0\\s2\\s0\\s5\s0\\s2\\s0\\s5 1\sEnabled\\sD-Flip\s0\\s5\s0\\s2\\s5\\s5\s0\\s0.5\\s5\s0\\s2\\s5\\s5\s0\\s2\\s0\\s5 1\sEnabled\\sD-Flip\s0\\s0\s0\\s2\\s0\\s5\s0\\s0.5\\s5\s0\\s2\\s0\\s5\s0\\s2\\s0\\s5 1\sEnabled\\sD-Flip\s0\\s0\s0\\s2\\s0\\s5\s0\\s0.5\\s5\s0\\s2\\s0\\s5\s0\\s2\\s0\\s5 1\sEnabled\\sD-Flip\s0\\s0\s0\\s2\\s0\\s5\s0\\s0.5\\s5\s0\\s2\\s0\\s5\s0\\s2\\s0\\s5 1\sEnabled\\sD-Flip\s0\\s0\s0\\s2\\s0\\s5\s0\\s0.5\\s5\s0\\s2\\s0\\s5\s0\\s2\\s0\\s5
w -208 816 -208 784 0
w -192 816 -192 752 0
w -176 816 -176 720 0
w -160 816 -160 688 0
w -144 816 -144 656 0
w -128 816 -128 624 0
w -112 816 -112 592 0
w -96 816 -96 560 0
410 -704 80 -512 208 1025 8-bit\sregister 1\sEnabled\\sD-Flip\s0\\s0\s0\\s2\\s0\\s5\s0\\s0.5\\s5\s0\\s2\\s0\\s5\s0\\s2\\s0\\s5 1\sEnabled\\sD-Flip\s0\\s5\s0\\s2\\s0\\s5\s0\\s0.5\\s5\s0\\s2\\s5\\s5\s0\\s2\\s5\\s5 1\sEnabled\\sD-Flip\s0\\s5\s0\\s2\\s0\\s5\s0\\s0.5\\s5\s0\\s2\\s5\\s5\s0\\s2\\s5\\s5 1\sEnabled\\sD-Flip\s0\\s5\s0\\s2\\s0\\s5\s0\\s0.5\\s5\s0\\s2\\s5\\s5\s0\\s2\\s5\\s5 1\sEnabled\\sD-Flip\s0\\s0\s0\\s2\\s0\\s5\s0\\s0.5\\s5\s0\\s2\\s0\\s5\s0\\s2\\s0\\s5 1\sEnabled\\sD-Flip\s0\\s0\s0\\s2\\s0\\s5\s0\\s0.5\\s5\s0\\s2\\s0\\s5\s0\\s2\\s0\\s5 1\sEnabled\\sD-Flip\s0\\s0\s0\\s2\\s0\\s5\s0\\s0.5\\s5\s0\\s2\\s0\\s5\s0\\s2\\s0\\s5 1\sEnabled\\sD-Flip\s0\\s0\s0\\s2\\s0\\s5\s0\\s0.5\\s5\s0\\s2\\s0\\s5\s0\\s2\\s0\\s5
x -769 54 -492 57 4 24 Memory\sAddress\sRegister
207 -608 80 -560 80 4 CLK
w -608 336 -208 336 0
w -608 304 -192 304 0
w -608 272 -176 272 0
w -608 240 -160 240 0
w -608 208 -144 208 0
w -608 176 -128 176 0
w -608 144 -112 144 0
w -608 112 -96 112 0
207 -704 80 -752 80 4 MEMIN
w -336 224 -144 224 0
w -336 192 -128 192 0
w -336 160 -112 160 0
w -336 128 -96 128 0
w -96 544 -96 352 0
w -96 560 -96 544 0
w -112 576 -112 352 0
w -112 592 -112 576 0
w -128 608 -128 352 0
w -128 624 -128 608 0
w -144 624 -144 352 0
w -144 640 -144 624 0
w -144 656 -144 640 0
w -160 672 -160 352 0
w -176 704 -176 352 0
w -192 720 -192 352 0
w -192 736 -192 720 0
w -208 768 -208 352 0
w -336 352 -208 352 0
w -208 784 -208 768 0
w -336 320 -192 320 0
w -192 752 -192 736 0
w -336 288 -176 288 0
w -176 720 -176 704 0
w -336 256 -160 256 0
w -160 688 -160 672 0
413 -880 112 -768 112 3072 8 8 0 15 6 5 0 1 0 0 0 4 5 1 1 5 4 8 5 9 4 12 4 4 5 5 8 3 1 1 12 4 3 8 3 9 2 14 16 39 15 14 8 4 10 15 39 0 0 0 0 0 0 0 0 0 0 0 0 0 0 0 0 0 0 0 0 0 0 0 0 0 0 0 0 0 0 0 0 0 0 0 -1 -2
w -704 112 -784 112 0
w -704 144 -784 144 0
w -704 176 -784 176 0
w -704 208 -784 208 0
w -704 240 -784 240 0
w -704 272 -784 272 0
w -704 304 -784 304 0
w -704 336 -784 336 0
w -432 128 -592 128 0
w -432 160 -576 160 0
w -432 192 -560 192 0
w -432 224 -544 224 0
w -432 256 -528 256 0
w -432 288 -512 288 0
w -432 320 -496 320 0
w -432 352 -480 352 0
207 480 -688 448 -688 4 MEMOUT
207 480 -720 448 -720 4 MEMIN
w -432 352 -336 352 0
w -432 320 -336 320 0
w -432 288 -336 288 0
w -432 256 -336 256 0
w -432 224 -336 224 0
w -432 192 -336 192 0
w -432 160 -336 160 0
w -432 128 -336 128 0
I -880 400 -880 368 0 0.5 5
207 -720 416 -688 416 4 MEMWRITE
207 -880 400 -880 432 4 MEMOUT
207 592 -704 560 -704 4 MEMWRITE
151 -720 400 -784 400 0 2 5 5
w -704 384 -704 400 0
207 -704 400 -656 400 4 CLKEDGE
w -576 -784 -576 -736 0
150 -544 -720 -496 -720 0 2 0 5
w -576 -736 -544 -736 0
I -576 -736 -576 -704 0 0.5 5
w -544 -704 -576 -704 0
w -496 -720 -464 -720 0
207 -464 -720 -432 -720 4 CLKEDGE
x -412 -377 -228 -374 4 24 Program\sCounter
w 336 208 496 208 0
w 496 208 496 176 0
w 496 176 544 176 0
w 336 176 480 176 0
w 480 176 480 112 0
w 480 112 544 112 0
w 336 144 464 144 0
w 464 144 464 80 0
w 464 80 464 48 0
w 464 48 544 48 0
w 336 112 448 112 0
w 448 112 448 -16 0
w 448 -16 544 -16 0
207 752 -704 720 -704 4 PCINC
207 672 -720 640 -720 4 PCIN
207 672 -688 640 -688 4 PCOUT
w -912 -672 -896 -672 0
w -896 -672 -896 -704 0
w -800 -704 -800 -688 0
r -800 -688 -768 -688 0 1000
g -768 -688 -752 -688 0 0
s -800 -688 -800 -640 0 1 true
R -800 -640 -800 -608 0 0 40 5 0 0 0.5
x -909 -548 -793 -545 4 24 Auto\sClock
207 -832 -864 -832 -896 4 CLK
x -864 89 -795 92 4 24 SRAM
w 544 -288 352 -288 0
w 512 -256 336 -256 0
w 480 -224 336 -224 0
w 448 -192 336 -192 0
w 1008 752 1008 688 0
w 816 752 1008 752 0
w 976 720 976 688 0
w 816 720 976 720 0
w 816 688 944 688 0
w 816 656 880 656 0
w 816 624 880 624 0
w 816 592 880 592 0
w 816 560 880 560 0
157 880 560 912 560 0 7 0 0
w 816 992 1008 992 0
w 816 960 976 960 0
w 816 928 944 928 0
w 816 896 880 896 0
w 816 864 880 864 0
w 816 832 880 832 0
w 816 800 880 800 0
157 1008 560 1040 560 1024 7 0 0
197 688 800 928 800 0
w 1008 992 1040 992 0
w 1040 992 1040 688 0
w 976 960 1072 960 0
w 1072 960 1072 688 0
w 944 928 1104 928 0
w 1104 928 1104 688 0
w 880 896 1184 896 0
w 1184 896 1184 656 0
w 1184 656 1168 656 0
w 1168 624 1200 624 0
w 1200 624 1200 864 0
w 1200 864 880 864 0
w 1168 592 1216 592 0
w 1216 592 1216 832 0
w 1216 832 880 832 0
w 880 800 1232 800 0
w 1232 800 1232 560 0
w 1232 560 1168 560 0
410 -336 -288 -464 -480 1 Octo\sTri-State\sBuffer 0\s0.1\s10000000000\s100000000 0\s0.1\s10000000000\s100000000 0\s0.1\s10000000000\s100000000 0\s0.1\s10000000000\s100000000 0\s0.1\s10000000000\s100000000 0\s0.1\s10000000000\s100000000 0\s0.1\s10000000000\s100000000 0\s0.1\s10000000000\s100000000
w -240 -288 -96 -288 0
w -240 -256 -112 -256 0
w -240 -224 -128 -224 0
w -240 -192 -144 -192 0
w -240 -160 -160 -160 0
w -240 -128 -176 -128 0
w -240 -96 -192 -96 0
w -240 -64 -208 -64 0
. 4-bit\scounter\sw/\sload 0 2 6 12 CLK 10 0 2 I1 22 1 2 I2 30 2 2 I3 35 3 2 I4 40 4 2 INC 29 0 3 LOAD 23 5 2 O1 4 1 3 O2 8 2 3 O3 11 3 3 O4 14 4 3 RC 21 5 3 JKFlipFlopElm\s1\s2\s3\s4\s5\rJKFlipFlopElm\s6\s2\s7\s8\s9\rInverterElm\s10\s2\rJKFlipFlopElm\s12\s2\s13\s14\s15\rJKFlipFlopElm\s16\s2\s17\s11\s18\rAndGateElm\s4\s8\s19\rAndGateElm\s19\s11\s20\rAndGateElm\s2\s4\s8\s11\s14\s21\rAndGateElm\s22\s23\s24\rOrGateElm\s24\s25\s1\rAndGateElm\s26\s23\s27\rInverterElm\s22\s26\rOrGateElm\s27\s25\s3\rAndGateElm\s28\s29\s25\rLogicInputElm\s28\rAndGateElm\s4\s29\s31\rOrGateElm\s32\s31\s7\rInverterElm\s30\s34\rAndGateElm\s34\s23\s32\rOrGateElm\s33\s31\s6\rAndGateElm\s30\s23\s33\rAndGateElm\s35\s23\s36\rOrGateElm\s36\s37\s16\rAndGateElm\s38\s23\s39\rInverterElm\s35\s38\rOrGateElm\s39\s37\s17\rAndGateElm\s19\s29\s37\rAndGateElm\s40\s23\s41\rOrGateElm\s41\s42\s12\rAndGateElm\s43\s23\s44\rInverterElm\s40\s43\rOrGateElm\s44\s42\s13\rAndGateElm\s20\s29\s42 0\\s0\s0\\s0\s0\\s0.5\\s5\s0\\s0\s0\\s0\s0\\s2\\s0\\s5\s0\\s2\\s0\\s5\s0\\s5\\s0\\s5\s0\\s2\\s0\\s5\s0\\s2\\s0\\s5\s0\\s2\\s0\\s5\s0\\s0.5\\s5\s0\\s2\\s0\\s5\s0\\s2\\s0\\s5\s0\\s1\\sfalse\\s5\\s0\s0\\s2\\s0\\s5\s0\\s2\\s0\\s5\s0\\s0.5\\s5\s0\\s2\\s0\\s5\s0\\s2\\s0\\s5\s0\\s2\\s0\\s5\s0\\s2\\s0\\s5\s0\\s2\\s0\\s5\s0\\s2\\s0\\s5\s0\\s0.5\\s5\s0\\s2\\s0\\s5\s0\\s2\\s0\\s5\s0\\s2\\s0\\s5\s0\\s2\\s0\\s5\s0\\s2\\s0\\s5\s0\\s0.5\\s5\s0\\s2\\s0\\s5\s0\\s2\\s0\\s5
. 8-bit\scounter\sw/\sload 0 2 10 19 CLK 4 0 2 I1 5 1 2 I2 6 2 2 I3 7 3 2 I4 8 4 2 I5 46 5 2 I6 47 6 2 I7 48 7 2 I8 49 8 2 INC 9 0 3 LOAD 3 9 2 O1 10 1 3 O2 11 2 3 O3 12 3 3 O4 13 4 3 O5 51 5 3 O6 52 6 3 O7 53 7 3 O8 54 8 3 LogicOutputElm\s1\rCustomCompositeElm\s4\s5\s6\s7\s8\s9\s3\s10\s11\s12\s13\s2\rCustomCompositeElm\s4\s46\s47\s48\s49\s50\s3\s51\s52\s53\s54\s1\rAndGateElm\s2\s9\s50 0\\s2.5\s1\\s4-bit\\\\scounter\\\\sw/\\\\sload\\s0\\\\s0\\s0\\\\s0\\s0\\\\s0.5\\\\s5\\s0\\\\s0\\s0\\\\s0\\s0\\\\s2\\\\s0\\\\s5\\s0\\\\s2\\\\s0\\\\s5\\s0\\\\s5\\\\s0\\\\s5\\s0\\\\s2\\\\s0\\\\s5\\s0\\\\s2\\\\s0\\\\s5\\s0\\\\s2\\\\s0\\\\s5\\s0\\\\s0.5\\\\s5\\s0\\\\s2\\\\s0\\\\s5\\s0\\\\s2\\\\s0\\\\s5\\s0\\\\s1\\\\sfalse\\\\s5\\\\s0\\s0\\\\s2\\\\s0\\\\s5\\s0\\\\s2\\\\s0\\\\s5\\s0\\\\s0.5\\\\s5\\s0\\\\s2\\\\s0\\\\s5\\s0\\\\s2\\\\s0\\\\s5\\s0\\\\s2\\\\s0\\\\s5\\s0\\\\s2\\\\s0\\\\s5\\s0\\\\s2\\\\s0\\\\s5\\s0\\\\s2\\\\s0\\\\s5\\s0\\\\s0.5\\\\s5\\s0\\\\s2\\\\s0\\\\s5\\s0\\\\s2\\\\s0\\\\s5\\s0\\\\s2\\\\s0\\\\s5\\s0\\\\s2\\\\s0\\\\s5\\s0\\\\s2\\\\s0\\\\s5\\s0\\\\s0.5\\\\s5\\s0\\\\s2\\\\s0\\\\s5\\s0\\\\s2\\\\s0\\\\s5\s1\\s4-bit\\\\scounter\\\\sw/\\\\sload\\s0\\\\s0\\s0\\\\s0\\s0\\\\s0.5\\\\s5\\s0\\\\s0\\s0\\\\s0\\s0\\\\s2\\\\s0\\\\s5\\s0\\\\s2\\\\s0\\\\s5\\s0\\\\s5\\\\s0\\\\s5\\s0\\\\s2\\\\s0\\\\s5\\s0\\\\s2\\\\s0\\\\s5\\s0\\\\s2\\\\s0\\\\s5\\s0\\\\s0.5\\\\s5\\s0\\\\s2\\\\s0\\\\s5\\s0\\\\s2\\\\s0\\\\s5\\s0\\\\s1\\\\sfalse\\\\s5\\\\s0\\s0\\\\s2\\\\s0\\\\s5\\s0\\\\s2\\\\s0\\\\s5\\s0\\\\s0.5\\\\s5\\s0\\\\s2\\\\s0\\\\s5\\s0\\\\s2\\\\s0\\\\s5\\s0\\\\s2\\\\s0\\\\s5\\s0\\\\s2\\\\s0\\\\s5\\s0\\\\s2\\\\s0\\\\s5\\s0\\\\s2\\\\s0\\\\s5\\s0\\\\s0.5\\\\s5\\s0\\\\s2\\\\s0\\\\s5\\s0\\\\s2\\\\s0\\\\s5\\s0\\\\s2\\\\s0\\\\s5\\s0\\\\s2\\\\s0\\\\s5\\s0\\\\s2\\\\s0\\\\s5\\s0\\\\s0.5\\\\s5\\s0\\\\s2\\\\s0\\\\s5\\s0\\\\s2\\\\s0\\\\s5\s0\\s2\\s0\\s5
410 -480 -336 -336 -256 1025 8-bit\scounter\sw/\sload 0\s2.5 1\s4-bit\\scounter\\sw/\\sload\s0\\s0\s0\\s5\s0\\s0.5\\s5\s0\\s5\s0\\s5\s0\\s2\\s0\\s5\s0\\s2\\s0\\s5\s0\\s5\\s0\\s5\s0\\s2\\s0\\s5\s0\\s2\\s0\\s5\s0\\s2\\s0\\s5\s0\\s0.5\\s5\s0\\s2\\s0\\s5\s0\\s2\\s0\\s5\s0\\s1\\sfalse\\s5\\s0\s0\\s2\\s0\\s5\s0\\s2\\s0\\s5\s0\\s0.5\\s5\s0\\s2\\s0\\s5\s0\\s2\\s0\\s5\s0\\s2\\s0\\s5\s0\\s2\\s0\\s5\s0\\s2\\s0\\s5\s0\\s2\\s0\\s5\s0\\s0.5\\s5\s0\\s2\\s0\\s5\s0\\s2\\s0\\s5\s0\\s2\\s0\\s5\s0\\s2\\s0\\s5\s0\\s2\\s0\\s5\s0\\s0.5\\s5\s0\\s2\\s0\\s5\s0\\s2\\s0\\s5 1\s4-bit\\scounter\\sw/\\sload\s0\\s0\s0\\s0\s0\\s0.5\\s5\s0\\s0\s0\\s0\s0\\s2\\s0\\s5\s0\\s2\\s0\\s5\s0\\s5\\s0\\s5\s0\\s2\\s0\\s5\s0\\s2\\s0\\s5\s0\\s2\\s0\\s5\s0\\s0.5\\s5\s0\\s2\\s0\\s5\s0\\s2\\s0\\s5\s0\\s1\\sfalse\\s5\\s0\s0\\s2\\s0\\s5\s0\\s2\\s0\\s5\s0\\s0.5\\s5\s0\\s2\\s0\\s5\s0\\s2\\s0\\s5\s0\\s2\\s0\\s5\s0\\s2\\s0\\s5\s0\\s2\\s0\\s5\s0\\s2\\s0\\s5\s0\\s0.5\\s5\s0\\s2\\s0\\s5\s0\\s2\\s0\\s5\s0\\s2\\s0\\s5\s0\\s2\\s0\\s5\s0\\s2\\s0\\s5\s0\\s0.5\\s5\s0\\s2\\s0\\s5\s0\\s2\\s0\\s5 0\s2\s0\s5
w -384 -304 -96 -304 0
w -384 -272 -112 -272 0
w -384 -240 -128 -240 0
w -384 -208 -144 -208 0
w -384 -176 -160 -176 0
w -384 -144 -176 -144 0
w -384 -112 -192 -112 0
w -384 -80 -208 -80 0
w -480 -304 -496 -304 0
w -496 -304 -496 -288 0
w -496 -288 -336 -288 0
w -496 -256 -336 -256 0
w -496 -272 -496 -256 0
w -480 -272 -496 -272 0
w -480 -208 -496 -208 0
w -496 -208 -496 -192 0
w -496 -192 -336 -192 0
w -496 -224 -336 -224 0
w -496 -240 -496 -224 0
w -480 -240 -496 -240 0
w -480 -144 -496 -144 0
w -496 -144 -496 -128 0
w -496 -128 -336 -128 0
w -496 -160 -336 -160 0
w -496 -176 -496 -160 0
w -480 -176 -496 -176 0
w -480 -80 -496 -80 0
w -496 -80 -496 -64 0
w -496 -64 -336 -64 0
w -496 -96 -336 -96 0
w -496 -112 -496 -96 0
w -480 -112 -496 -112 0
207 -384 -336 -352 -336 4 CLK
207 -480 -336 -512 -336 4 PCINC
207 -384 -48 -384 0 4 PCIN
207 -336 -32 -336 0 4 PCOUT
410 240 512 432 640 1 8-bit\sregister 1\sEnabled\\sD-Flip\s0\\s0\s0\\s2\\s0\\s5\s0\\s0.5\\s5\s0\\s2\\s0\\s5\s0\\s2\\s0\\s5 1\sEnabled\\sD-Flip\s0\\s0\s0\\s2\\s0\\s5\s0\\s0.5\\s5\s0\\s2\\s0\\s5\s0\\s2\\s0\\s5 1\sEnabled\\sD-Flip\s0\\s0\s0\\s2\\s0\\s5\s0\\s0.5\\s5\s0\\s2\\s0\\s5\s0\\s2\\s0\\s5 1\sEnabled\\sD-Flip\s0\\s0\s0\\s2\\s0\\s5\s0\\s0.5\\s5\s0\\s2\\s0\\s5\s0\\s2\\s0\\s5 1\sEnabled\\sD-Flip\s0\\s0\s0\\s2\\s0\\s5\s0\\s0.5\\s5\s0\\s2\\s0\\s5\s0\\s2\\s0\\s5 1\sEnabled\\sD-Flip\s0\\s0\s0\\s2\\s0\\s5\s0\\s0.5\\s5\s0\\s2\\s0\\s5\s0\\s2\\s0\\s5 1\sEnabled\\sD-Flip\s0\\s0\s0\\s2\\s0\\s5\s0\\s0.5\\s5\s0\\s2\\s0\\s5\s0\\s2\\s0\\s5 1\sEnabled\\sD-Flip\s0\\s0\s0\\s2\\s0\\s5\s0\\s0.5\\s5\s0\\s2\\s0\\s5\s0\\s2\\s0\\s5
207 240 512 176 512 4 CLK
x 203 486 377 489 4 24 Display\sRegister
207 336 512 384 512 4 OPIN
207 128 816 128 864 4 OPOUT
w 240 768 -208 768 0
w 240 736 -192 736 0
w 240 704 -176 704 0
w 240 672 -160 672 0
w 240 640 -144 640 0
w 240 608 -128 608 0
w 240 576 -112 576 0
w 240 544 -96 544 0
w 32 784 -208 784 0
w 32 752 -192 752 0
w 32 720 -176 720 0
w 32 688 -160 688 0
w 32 656 -144 656 0
w 32 624 -128 624 0
w 32 592 -112 592 0
w 32 560 -96 560 0
w 336 784 128 784 0
w 336 752 128 752 0
w 336 720 128 720 0
w 336 688 128 688 0
w 336 656 128 656 0
w 336 624 128 624 0
w 336 592 128 592 0
w 336 560 128 560 0
410 32 560 -96 368 1025 Octo\sTri-State\sBuffer 0\s0.1\s10000000000\s100000000 0\s0.1\s10000000000\s100000000 0\s0.1\s10000000000\s100000000 0\s0.1\s10000000000\s100000000 0\s0.1\s10000000000\s100000000 0\s0.1\s10000000000\s100000000 0\s0.1\s10000000000\s100000000 0\s0.1\s10000000000\s100000000
w 336 640 336 656 0
w 336 544 336 560 0
w 336 576 336 592 0
w 336 608 336 624 0
w 336 672 336 688 0
w 336 704 336 720 0
w 336 736 336 752 0
w 336 768 336 784 0
207 832 -688 800 -688 4 OPOUT
207 832 -720 800 -720 4 OPIN
w 336 544 480 544 0
w 336 576 464 576 0
w 336 608 432 608 0
w 336 640 432 640 0
w 336 672 416 672 0
w 336 704 400 704 0
w 336 736 384 736 0
w 336 768 368 768 0
w -96 -304 -96 -320 0
207 -96 -320 -96 -352 4 B1
207 -112 -320 -112 -352 4 B2
207 -144 -320 -144 -352 4 B4
207 -128 -320 -128 -352 4 B3
207 -192 -320 -192 -352 4 B7
207 -208 -320 -208 -352 4 B8
207 -176 -320 -176 -352 4 B6
207 -160 -320 -160 -352 4 B5
w -880 112 -880 128 0
w -880 128 -592 128 0
w -880 144 -880 160 0
w -880 160 -576 160 0
w -880 176 -880 192 0
w -880 192 -560 192 0
w -880 208 -880 224 0
w -880 224 -544 224 0
w -880 240 -880 256 0
w -880 256 -528 256 0
w -880 272 -880 288 0
w -880 288 -512 288 0
w -880 304 -880 320 0
w -880 320 -496 320 0
w -880 336 -880 352 0
w -880 352 -480 352 0
w -704 384 -720 384 0
w -784 400 -784 368 0
164 -912 1056 -816 1056 0 3 0 0 5 false 0
w -832 -864 -816 -864 0
I -816 -864 -784 -864 0 0.5 5
w -784 -864 -768 -864 0
207 -768 -864 -768 -896 4 NCLK
207 -912 1056 -960 1056 4 NCLK
185 -784 1056 -720 1056 5120 3
w -816 1088 -784 1088 0
w -816 1056 -800 1056 0
w -800 1056 -800 1120 0
w -800 1120 -784 1120 0
w -816 1120 -816 1072 0
w -816 1072 -784 1072 0
w -784 1072 -784 1056 0
L -496 1024 -496 992 0 1 false 5 0
w -912 1200 -912 1120 0
207 -368 1136 -336 1136 4 PCOUT
M 832 -720 832 -752 0 2.5
M 752 -704 752 -736 0 2.5
M 672 -720 672 -752 0 2.5
M 592 -704 592 -736 0 2.5
M 480 -720 480 -752 0 2.5
M 368 -720 368 -752 0 2.5
M 272 -720 272 -752 0 2.5
M 176 -720 176 -752 0 2.5
M 96 -720 96 -752 0 2.5
M 832 -688 832 -656 0 2.5
M 672 -688 672 -656 0 2.5
M 480 -688 480 -656 0 2.5
M 368 -688 368 -656 0 2.5
M 272 -688 272 -656 0 2.5
M 176 -688 176 -656 0 2.5
M 96 -688 96 -656 0 2.5
207 -368 1200 -336 1200 4 MEMIN
207 -176 1072 -144 1072 4 INSTIN
207 -176 1008 -144 1008 4 MEMOUT
w -528 1248 -528 1184 0
207 -176 1040 -144 1040 4 PCINC
413 -928 1360 -656 1360 2048 10 8 0 80 80 2 1 80 80 16 17 80 80 1 1 2 2 0 80 80 80 80 -1 256 42 40 0 0 56 56 10 8 56 56 0 0 0 0 0 136 32 32 32 -1 512 0 0 0 0 5 4 0 0 10 8 0 0 0 0 0 0 136 136 136 -1 -2
w -928 1584 -1008 1584 0
w -928 1552 -1024 1552 0
w -928 1520 -1040 1520 0
w -928 1488 -1056 1488 0
w -928 1456 -1072 1456 0
w -928 1424 -1088 1424 0
w -928 1392 -1104 1392 0
w -928 1360 -1120 1360 0
L -928 1680 -928 1712 0 1 false 5 0
w -656 768 -992 768 0
w -1008 1584 -992 768 0
w -1024 1552 -1008 736 0
w -1056 1488 -1040 672 0
w -1040 1520 -1024 704 0
w -1104 1392 -1088 576 0
w -1120 1360 -1104 544 0
w -1088 1424 -1072 608 0
w -1072 1456 -1056 640 0
w -656 736 -1008 736 0
w -656 704 -1024 704 0
w -656 672 -1040 672 0
w -656 640 -1056 640 0
w -656 608 -1072 608 0
w -656 576 -1088 576 0
w -656 544 -1104 544 0
413 -400 1360 -128 1360 2048 10 8 0 0 0 64 128 0 0 64 0 0 0 4 6 32 48 24 0 0 0 0 -1 256 0 128 0 0 0 0 0 128 0 0 0 0 0 0 0 0 0 0 0 -1 512 0 0 0 0 0 64 0 0 0 128 0 0 0 0 0 0 0 0 0 -1 -2
207 -736 1584 -704 1584 4 PCIN
207 -736 1552 -704 1552 4 PCOUT
207 -720 1520 -688 1520 4 PCINC
207 -736 1488 -704 1488 4 MEMIN
207 -736 1424 -704 1424 4 MEMWRITE
207 -736 1392 -704 1392 4 AIN
207 -736 1360 -704 1360 4 AOUT
207 -208 1584 -176 1584 4 BIN
207 -208 1392 -176 1392 4 TXT
207 -208 1424 -176 1424 4 OPIN
207 -208 1456 -176 1456 4 FLAGS
207 -208 1488 -176 1488 4 SUB
207 -208 1520 -176 1520 4 ALUOUT
207 -208 1552 -176 1552 4 BOUT
L -400 1680 -400 1712 0 1 false 5 0
w -832 1760 -832 1680 0
w -544 1760 -304 1760 0
w -304 1760 -304 1680 0
w -736 1760 -608 1760 0
w -400 1360 -592 1360 0
w -400 1392 -576 1392 0
w -400 1424 -560 1424 0
w -400 1456 -544 1456 0
w -400 1488 -528 1488 0
w -400 1520 -512 1520 0
w -400 1552 -496 1552 0
w -400 1584 -480 1584 0
w -1120 1360 -1120 1840 0
w -1104 1392 -1104 1872 0
w -1072 1456 -1072 1936 0
w -1088 1424 -1088 1904 0
w -1024 1552 -1024 2032 0
w -1008 1584 -1008 2064 0
w -1040 1520 -1040 2000 0
w -1056 1488 -1056 1968 0
w -528 1488 -528 1968 0
w -512 1520 -512 2000 0
w -480 1584 -480 2064 0
w -496 1552 -496 2032 0
w -560 1424 -560 1904 0
w -544 1456 -544 1936 0
w -576 1392 -576 1872 0
w -592 1360 -592 1840 0
w -1120 1840 -592 1840 0
w -1104 1872 -576 1872 0
w -1088 1904 -560 1904 0
w -1072 1936 -544 1936 0
w -1056 1968 -528 1968 0
w -1040 2000 -512 2000 0
w -1024 2032 -496 2032 0
w -1008 2064 -480 2064 0
w -400 1616 -416 1616 0
r 96 -720 112 -720 0 1000
g 112 -720 112 -736 0 0
g 192 -720 192 -736 0 0
r 176 -720 192 -720 0 1000
g 288 -720 288 -736 0 0
r 272 -720 288 -720 0 1000
g 384 -720 384 -736 0 0
r 368 -720 384 -720 0 1000
g 496 -720 496 -736 0 0
r 480 -720 496 -720 0 1000
g 608 -704 608 -720 0 0
r 592 -704 608 -704 0 1000
g 688 -720 688 -736 0 0
r 672 -720 688 -720 0 1000
g 768 -704 768 -720 0 0
r 752 -704 768 -704 0 1000
g 848 -720 848 -736 0 0
r 832 -720 848 -720 0 1000
r 832 -688 848 -688 0 1000
g 848 -688 848 -672 0 0
g 688 -688 688 -672 0 0
r 672 -688 688 -688 0 1000
g 496 -688 496 -672 0 0
r 480 -688 496 -688 0 1000
g 384 -688 384 -672 0 0
r 368 -688 384 -688 0 1000
g 288 -688 288 -672 0 0
r 272 -688 288 -688 0 1000
g 192 -688 192 -672 0 0
r 176 -688 192 -688 0 1000
g 112 -688 112 -672 0 0
r 96 -688 112 -688 0 1000
x -746 996 -538 999 4 24 Instruction\sDecoder
207 -736 1456 -704 1456 4 MEMOUT
x -913 1329 -776 1332 4 24 INST\sROM\s1
x -409 1331 -272 1334 4 24 INST\sROM\s2
r -208 816 -208 848 0 1000
r -192 816 -192 848 0 1000
r -176 816 -176 848 0 1000
r -160 816 -160 848 0 1000
g -208 848 -208 880 0 0
g -192 848 -192 880 0 0
g -176 848 -176 880 0 0
g -160 848 -160 880 0 0
g -96 848 -96 880 0 0
g -112 848 -112 880 0 0
g -128 848 -128 880 0 0
g -144 848 -144 880 0 0
r -96 816 -96 848 0 1000
r -112 816 -112 848 0 1000
r -128 816 -128 848 0 1000
r -144 816 -144 848 0 1000
x -374 988 -248 991 4 24 Fetch\sCycle
w -496 1184 -496 1216 0
w -528 1248 -528 1280 0
410 -272 1008 -208 1008 1 Octo\sTri-State\sBuffer 0\s0.1\s10000000000\s100000000 0\s0.1\s10000000000\s100000000 0\s0.1\s10000000000\s100000000 0\s0.1\s10000000000\s100000000 0\s0.1\s10000000000\s100000000 0\s0.1\s10000000000\s100000000 0\s0.1\s10000000000\s100000000 0\s0.1\s10000000000\s100000000
410 -464 1008 -400 1008 1 Octo\sTri-State\sBuffer 0\s0.1\s10000000000\s100000000 0\s0.1\s10000000000\s100000000 0\s0.1\s10000000000\s100000000 0\s0.1\s10000000000\s100000000 0\s0.1\s10000000000\s100000000 0\s0.1\s10000000000\s100000000 0\s0.1\s10000000000\s100000000 0\s0.1\s10000000000\s100000000
w -464 1264 -480 1264 0
w -496 1264 -496 1216 0
w -528 1280 -304 1280 0
w -304 1280 -272 1280 0
w -272 1280 -272 1264 0
w -304 1280 -304 1072 0
w -304 1008 -272 1008 0
w -304 1040 -304 1008 0
w -304 1040 -272 1040 0
w -304 1072 -304 1040 0
w -304 1072 -272 1072 0
w -480 1264 -496 1264 0
w -464 1136 -480 1136 0
w -480 1136 -480 1200 0
w -480 1200 -480 1264 0
w -480 1200 -464 1200 0
157 896 1136 1008 1136 0 14 0 0
413 704 1136 768 1136 2048 8 14 32 0 -1 68 4208 8761 -1 72 8758 -1 76 56 -1 79 63 -1 82 9521 -1 87 5174 -1 -2
w 800 1136 896 1136 0
w 800 1168 896 1168 0
w 800 1200 896 1200 0
w 800 1232 896 1232 0
w 800 1264 896 1264 0
w 800 1296 896 1296 0
w 800 1328 896 1328 0
w 800 1552 1088 1552 0
w 1088 1552 1088 1328 0
w 1088 1296 1104 1296 0
w 1104 1296 1104 1520 0
w 1104 1520 800 1520 0
w 1088 1264 1120 1264 0
w 1088 1232 1136 1232 0
w 1088 1200 1152 1200 0
w 1088 1168 1168 1168 0
w 1088 1136 1184 1136 0
w 1120 1264 1120 1488 0
w 1136 1232 1136 1456 0
w 1152 1200 1152 1424 0
w 800 1488 1120 1488 0
w 800 1456 1136 1456 0
w 800 1424 1152 1424 0
w 800 1392 1168 1392 0
w 1168 1392 1168 1168 0
w 1184 1136 1184 1360 0
w 1184 1360 800 1360 0
L 704 1584 672 1584 0 1 false 5 0
w 704 1136 480 1136 0
w 704 1168 464 1168 0
w 704 1200 448 1200 0
w 704 1232 432 1232 0
w 704 1264 416 1264 0
w 704 1296 400 1296 0
w 704 1328 384 1328 0
w 704 1360 368 1360 0
w 432 608 448 608 0
410 528 528 528 464 2049 Octo\sTri-State\sBuffer 0\s0.1\s10000000000\s100000000 0\s0.1\s10000000000\s100000000 0\s0.1\s10000000000\s100000000 0\s0.1\s10000000000\s100000000 0\s0.1\s10000000000\s100000000 0\s0.1\s10000000000\s100000000 0\s0.1\s10000000000\s100000000 0\s0.1\s10000000000\s100000000
w 624 560 688 560 0
w 624 592 688 592 0
w 624 624 688 624 0
w 624 656 688 656 0
w 656 896 688 896 0
w 624 688 672 688 0
w 672 688 688 688 0
w 688 688 688 800 0
w 688 832 672 832 0
w 672 832 672 720 0
w 672 720 624 720 0
w 688 864 656 864 0
w 656 864 656 752 0
w 656 752 624 752 0
w 656 896 624 896 0
w 624 896 624 784 0
I 496 528 528 528 0 0.5 5
207 496 528 464 528 4 TXT
w 480 784 480 544 0
w 480 784 528 784 0
w 464 752 464 576 0
w 464 752 528 752 0
w 448 720 448 608 0
w 448 720 528 720 0
w 432 688 432 640 0
w 432 688 528 688 0
w 416 672 528 672 0
w 528 672 528 656 0
w 400 704 400 624 0
w 400 624 528 624 0
w 384 736 384 592 0
w 384 592 528 592 0
w 368 768 368 560 0
w 368 560 528 560 0
w 368 1360 368 768 0
w 384 1328 384 736 0
w 400 704 400 1296 0
w 416 1264 416 672 0
w 432 1232 432 688 0
w 448 1200 448 720 0
w 464 1168 464 752 0
w 480 1136 480 784 0
L 800 1584 848 1584 0 0 false 5 0
w 1392 -16 1504 -16 0
w 1344 16 1504 16 0
w 1296 48 1504 48 0
w 1248 80 1504 80 0
w 1200 112 1504 112 0
w 1152 144 1504 144 0
w 1104 176 1504 176 0
w 1056 208 1504 208 0
w 1792 96 1824 96 0
207 992 272 1024 272 4 CO
207 1968 96 2016 96 4 ZF
207 1744 -48 1712 -48 4 CO
207 1968 64 2016 64 4 CF
150 1744 -32 1776 -32 0 2 0 5
207 1664 -80 1632 -80 4 SUB
150 1744 -96 1776 -96 0 2 0 5
207 1728 -112 1696 -112 4 CO
I 1728 -112 1744 -112 0 0.5 5
w 1664 -80 1680 -80 0
w 1680 -80 1680 -16 0
w 1680 -16 1712 -16 0
I 1712 -16 1728 -16 0 0.5 5
w 1728 -16 1744 -16 0
w 1680 -80 1744 -80 0
152 1792 16 1792 64 0 2 0 5
w 1776 -32 1776 16 0
w 1776 -96 1808 -96 0
w 1808 -96 1808 16 0
w 1792 64 1872 64 0
410 -832 1360 -768 1376 1 Octo\sTri-State\sBuffer 0\s0.1\s10000000000\s100000000 0\s0.1\s10000000000\s100000000 0\s0.1\s10000000000\s100000000 0\s0.1\s10000000000\s100000000 0\s0.1\s10000000000\s100000000 0\s0.1\s10000000000\s100000000 0\s0.1\s10000000000\s100000000 0\s0.1\s10000000000\s100000000
410 -304 1360 -240 1376 1 Octo\sTri-State\sBuffer 0\s0.1\s10000000000\s100000000 0\s0.1\s10000000000\s100000000 0\s0.1\s10000000000\s100000000 0\s0.1\s10000000000\s100000000 0\s0.1\s10000000000\s100000000 0\s0.1\s10000000000\s100000000 0\s0.1\s10000000000\s100000000 0\s0.1\s10000000000\s100000000
w -832 1760 -736 1760 0
413 -944 2192 -672 2192 2048 10 8 0 0 0 0 0 0 0 0 0 0 0 0 0 0 0 0 0 4 1 10 -1 -2
w -1008 2064 -1008 2416 0
w -1008 2416 -944 2416 0
w -1024 2032 -1024 2384 0
w -1024 2384 -944 2384 0
w -1040 2000 -1040 2352 0
w -1040 2352 -944 2352 0
w -1056 1968 -1056 2320 0
w -1056 2320 -944 2320 0
w -1072 1936 -1072 2288 0
w -1072 2288 -944 2288 0
w -1088 1904 -1088 2256 0
w -1088 2256 -944 2256 0
w -1104 1872 -1104 2224 0
w -1104 2224 -944 2224 0
w -1120 1840 -1120 2192 0
w -1120 2192 -944 2192 0
w -848 2512 -832 2512 0
w -832 2512 -832 1760 0
150 -720 2144 -640 2144 0 2 0 5
207 -720 2128 -752 2128 4 CF
w -848 2192 -736 2192 0
w -736 2192 -736 2160 0
w -736 2160 -720 2160 0
w -736 2192 -688 2192 0
I -688 2192 -640 2192 0 0.5 5
152 -624 2160 -576 2160 0 2 5 5
w -640 2192 -640 2176 0
w -640 2176 -624 2176 0
w -640 2144 -624 2144 0
w -640 2240 -624 2240 0
w -640 2272 -624 2272 0
w -640 2288 -640 2272 0
152 -624 2256 -576 2256 0 2 5 5
I -688 2288 -640 2288 0 0.5 5
w -736 2288 -688 2288 0
w -736 2256 -720 2256 0
w -736 2288 -736 2256 0
207 -736 2224 -768 2224 4 CF
150 -720 2240 -640 2240 0 2 0 5
150 -720 2432 -640 2432 0 2 0 5
207 -736 2416 -768 2416 4 ZF
w -736 2480 -736 2448 0
w -736 2448 -720 2448 0
w -736 2480 -688 2480 0
I -688 2480 -640 2480 0 0.5 5
152 -624 2448 -576 2448 0 2 5 5
w -640 2480 -640 2464 0
w -640 2464 -624 2464 0
w -640 2432 -624 2432 0
w -640 2336 -624 2336 0
w -640 2368 -624 2368 0
w -640 2384 -640 2368 0
152 -624 2352 -576 2352 0 2 5 5
I -688 2384 -640 2384 0 0.5 5
w -736 2384 -688 2384 0
w -736 2352 -720 2352 0
w -736 2384 -736 2352 0
207 -720 2320 -752 2320 4 ZF
150 -720 2336 -640 2336 0 2 0 5
I -736 2224 -720 2224 0 0.5 5
I -736 2416 -720 2416 0 0.5 5
w -848 2224 -784 2224 0
w -784 2224 -784 2256 0
w -784 2256 -736 2256 0
w -848 2256 -800 2256 0
w -800 2256 -800 2352 0
w -800 2352 -736 2352 0
w -848 2288 -816 2288 0
w -816 2288 -816 2448 0
w -816 2448 -736 2448 0
150 -528 2304 -448 2304 0 4 5 5
w -576 2256 -560 2256 0
w -560 2256 -560 2288 0
w -560 2288 -528 2288 0
w -576 2160 -544 2160 0
w -544 2160 -544 2272 0
w -544 2272 -528 2272 0
w -576 2352 -560 2352 0
w -560 2352 -560 2320 0
w -560 2320 -528 2320 0
w -576 2448 -544 2448 0
w -544 2448 -544 2336 0
w -544 2336 -528 2336 0
w -304 1616 -304 1648 0
w -304 1648 -288 1648 0
w -288 1648 -288 1808 0
w -272 2304 -448 2304 0
w -832 1616 -832 1632 0
w -832 1632 -832 1648 0
w -832 1648 -816 1648 0
w -816 1648 -816 1808 0
w -288 1808 -816 1808 0
x -962 2164 -832 2167 4 24 COND\sRAM
150 -288 2240 -288 2192 0 2 0 5
w -304 1760 -304 2176 0
w -304 2176 -336 2176 0
w -336 2176 -336 2208 0
I -336 2208 -336 2240 0 0.5 5
w -336 2240 -336 2256 0
w -336 2256 -304 2256 0
w -304 2256 -304 2240 0
w -272 2304 -272 2240 0
w -288 2192 -288 1808 0
w -656 1184 -656 1200 0
w -656 1200 -912 1200 0
w -624 1184 -624 1200 0
w -592 1184 -608 1184 0
w -608 1184 -608 1232 0
w -560 1184 -560 1200 0
w -560 1200 -592 1200 0
w -592 1200 -592 1280 0
w -608 1328 -608 1760 0
w -608 1760 -544 1760 0
153 -608 1280 -608 1328 0 3 5 5
w -624 1200 -624 1216 0
w -608 1232 -608 1280 0
w -608 1232 -656 1232 0
w -624 1216 -624 1280 0
w -624 1216 -688 1216 0
w -960 1328 -960 1648 0
w -960 1648 -928 1648 0
w -944 1296 -944 1616 0
w -944 1616 -928 1616 0
w -688 1216 -960 1216 0
w -960 1216 -960 1328 0
w -656 1232 -944 1232 0
w -944 1232 -944 1296 0
w -416 1616 -416 1296 0
w -400 1648 -432 1648 0
w -432 1648 -432 1312 0
w -624 1216 -576 1216 0
w -576 1216 -576 1312 0
w -576 1312 -432 1312 0
w -608 1280 -544 1280 0
w -544 1280 -544 1296 0
w -544 1296 -416 1296 0
L -944 2512 -944 2560 0 1 false 5 0
410 1872 -160 1936 -144 1 8-bit\sregister 1\sEnabled\\sD-Flip\s0\\s0\s0\\s2\\s0\\s5\s0\\s0.5\\s5\s0\\s2\\s0\\s5\s0\\s2\\s0\\s5 1\sEnabled\\sD-Flip\s0\\s0\s0\\s2\\s0\\s5\s0\\s0.5\\s5\s0\\s2\\s0\\s5\s0\\s2\\s0\\s5 1\sEnabled\\sD-Flip\s0\\s0\s0\\s2\\s0\\s5\s0\\s0.5\\s5\s0\\s2\\s0\\s5\s0\\s2\\s0\\s5 1\sEnabled\\sD-Flip\s0\\s0\s0\\s2\\s0\\s5\s0\\s0.5\\s5\s0\\s2\\s0\\s5\s0\\s2\\s0\\s5 1\sEnabled\\sD-Flip\s0\\s0\s0\\s2\\s0\\s5\s0\\s0.5\\s5\s0\\s2\\s0\\s5\s0\\s2\\s0\\s5 1\sEnabled\\sD-Flip\s0\\s0\s0\\s2\\s0\\s5\s0\\s0.5\\s5\s0\\s2\\s0\\s5\s0\\s2\\s0\\s5 1\sEnabled\\sD-Flip\s0\\s0\s0\\s2\\s0\\s5\s0\\s0.5\\s5\s0\\s2\\s0\\s5\s0\\s2\\s0\\s5 1\sEnabled\\sD-Flip\s0\\s0\s0\\s2\\s0\\s5\s0\\s0.5\\s5\s0\\s2\\s0\\s5\s0\\s2\\s0\\s5
w 1824 96 1872 96 0
207 1872 -160 1840 -160 4 CLK
207 1968 -160 2000 -160 4 FLAGS
w -832 1520 -832 1504 0
w -832 1504 -720 1504 0
w -720 1504 -720 1520 0
153 1648 96 1728 96 0 8 0 5
w 1504 208 1648 208 0
w 1648 208 1648 160 0
w 1504 -16 1648 -16 0
w 1648 -16 1648 32 0
w 1504 16 1632 16 0
w 1632 16 1632 48 0
w 1632 48 1648 48 0
w 1504 48 1616 48 0
w 1616 48 1616 64 0
w 1616 64 1648 64 0
w 1504 80 1648 80 0
w 1504 112 1648 112 0
w 1504 144 1616 144 0
w 1632 128 1648 128 0
w 1504 176 1632 176 0
w 1616 144 1616 128 0
w 1616 128 1632 128 0
w 1632 176 1632 144 0
w 1632 144 1648 144 0
w 1792 96 1728 96 0
160 -832 -800 -832 -736 0 20 10000000000
w -896 -704 -848 -704 0
w -848 -704 -848 -736 0
w -800 -704 -816 -704 0
w -816 -704 -816 -736 0
r -768 -864 -720 -864 0 1000
g -720 -864 -688 -864 0 0
180 -832 -800 -832 -832 0 0.1 10000000000 100000000
w -832 -832 -832 -864 0
I -784 -816 -816 -816 0 0.5 5
207 -784 -816 -752 -816 4 HLT
207 -208 1360 -176 1360 4 HLT
